{
 "cells": [
  {
   "cell_type": "code",
   "execution_count": 3,
   "id": "turkish-regard",
   "metadata": {},
   "outputs": [],
   "source": [
    "from compChem.Hartree_Fock import Molecule # package is available on github\n",
    "from scipy.linalg import eigh, eig\n",
    "import numpy as np\n",
    "import psi4"
   ]
  },
  {
   "cell_type": "code",
   "execution_count": 4,
   "id": "fitted-marketing",
   "metadata": {},
   "outputs": [
    {
     "data": {
      "text/plain": [
       "500000000"
      ]
     },
     "execution_count": 4,
     "metadata": {},
     "output_type": "execute_result"
    }
   ],
   "source": [
    "numpy_memory = 4\n",
    "psi4.set_memory(int(5e8))"
   ]
  },
  {
   "cell_type": "code",
   "execution_count": 38,
   "id": "ancient-magnet",
   "metadata": {},
   "outputs": [],
   "source": [
    "class ConstrainedMolecule:\n",
    "    def __init__(self, geom_file):\n",
    "        \"\"\"initiation method, will take in a geometry\"\"\"\n",
    "        #this parameter contains all parameters and methods from the Molecule class\n",
    "        self.id = Molecule(geom_file)\n",
    "        self.id.setGuess()\n",
    "        \n",
    "    \n",
    "    def setChargeDensity(self, new_matrix):\n",
    "        \"\"\"sets the pMatrix to a new value\"\"\"\n",
    "        self.pMatrix = new_matrix\n",
    "        \n",
    "        \n",
    "    def fock_Alternator(self, f_a, f_b):\n",
    "        \"\"\"\n",
    "        imposes the constraint on two given fock matrices\n",
    "        \n",
    "        input:\n",
    "        f_*: the fock matrices\n",
    "        \"\"\"\n",
    "        #we need a closed shell type operator, it is already in the correct basis\n",
    "        f_cs = (f_a + f_b)/2\n",
    "        delta = (f_b - f_a)/2\n",
    "        \n",
    "        #amount of paired electrons if the number of alpha electrons is greater then or equal to the number of beta electrons\n",
    "        cc = self.id.beta \n",
    "        \n",
    "        #amount of unpaired electrons\n",
    "        oo = self.id.alpha - self.id.beta\n",
    "        \n",
    "        dim = f_cs[:cc+oo, cc+oo:].shape\n",
    "        #alter first blocks\n",
    "        delta[:cc+oo, cc+oo:] = np.zeros(dim)\n",
    "        delta[cc+oo:, :cc+oo] = np.zeros(dim).T\n",
    "        \n",
    "        \n",
    "        return f_cs - delta, f_cs + delta\n",
    "        \n",
    "    \n",
    "    def basischanger(self):\n",
    "        \"\"\"\n",
    "        changes to NO basis, applies constraint, then changes back\n",
    "        \"\"\"\n",
    "        # transform p to MO basis, where mo basis = the eigenfunctions of the f_a operator\n",
    "        a = self.id.getDensityMatrix(\"alpha\")\n",
    "        b = self.id.getDensityMatrix(\"beta\")\n",
    "        f_a, f_b = self.id.displayFockMatrix(\"alpha\"), self.id.displayFockMatrix(\"beta\")\n",
    "        p = (a+b)/2\n",
    "        c = eigh(f_a, self.id.overlap)[1] # we only need the c matrix, not the eigenvalues themselves,\n",
    "        \n",
    "        # pay attention, c matrices are not unitary\n",
    "        c_inv = np.linalg.inv(c) # we need the inverse for later\n",
    "        p_trans = np.einsum(\"pq, qr, rs->ps\", c.T, p, c, optimize=True)\n",
    "        \n",
    "        \n",
    "        # transform the fock matrices to MO basis\n",
    "        f_a_mo = np.einsum(\"pq, qr, rs->ps\", c.T, f_a, c, optimize=True)\n",
    "        f_b_mo = np.einsum(\"pq, qr, rs->ps\", c.T, f_b, c, optimize=True)\n",
    "        \n",
    "        # transform the fock matrices to NO basis\n",
    "        d = eigh(p_trans)[1]\n",
    "        d = d[:, ::-1] #invert all collumns\n",
    "        # d is unitary, so no worries here\n",
    "        f_a_no = np.einsum(\"pq, qr, rs->ps\", d.T, f_a_mo, d, optimize=True)\n",
    "        f_b_no = np.einsum(\"pq, qr, rs->ps\", d.T, f_b_mo, d, optimize=True)\n",
    "        \n",
    "        f_a_alt, f_b_alt = self.fock_Alternator(f_a_no, f_b_no)\n",
    "\n",
    "        # transform back to AO basis\n",
    "        f_a_mo = np.einsum(\"pq, qr, rs->ps\",d, f_a_alt, d.T, optimize=True)\n",
    "        f_a_ao = np.einsum(\"pq, qr, rs->ps\",c_inv.T, f_a_mo, c_inv, optimize=True)\n",
    "        f_b_mo = np.einsum(\"pq, qr, rs->ps\",d, f_b_alt, d.T, optimize=True)\n",
    "        f_b_ao = np.einsum(\"pq, qr, rs->ps\",c_inv.T, f_b_mo, c_inv, optimize=True)\n",
    "        \n",
    "        return f_a_ao, f_b_ao\n",
    "    \n",
    "    \n",
    "    def iteratinator(self):\n",
    "        \"\"\"adapted version of the original iterator function in the compChem.Hartree_Fock Molecule object\"\"\"\n",
    "        # setting up entry parameters for the while loop\n",
    "        E_new = 0  \n",
    "        E_old = 0\n",
    "        convergence = False\n",
    "\n",
    "        # step 2: start iterating\n",
    "        itercount = 0\n",
    "        while not convergence and itercount < 5000:\n",
    "            # calculating block: calculates energies\n",
    "            E_new = self.id.getElectronicEnergy()\n",
    "            E_total = self.id.getTotalEnergy()\n",
    "\n",
    "            # generating block: generates new matrices UHF: account for alpha and beta, first we do the CUHF alteration\n",
    "            f_a_n, f_b_n = self.basischanger()\n",
    "            self.id.setGuess(f_a_n, \"alpha\")\n",
    "            self.id.setGuess(f_b_n, \"beta\")\n",
    "\n",
    "            # comparing block: will answer the \"Are we there yet?\" question\n",
    "            if abs(E_old - E_new) < self.id.converge:\n",
    "                convergence = True\n",
    "\n",
    "\n",
    "            # maintenance block: keeps everything going\n",
    "            print(f\"iteration: {itercount}, E_tot: {E_total: .8f}, E_elek: {E_new: .8f}, deltaE: {E_new - E_old: .8f}\")\n",
    "            E_old = E_new\n",
    "\n",
    "            itercount += 1\n",
    "        \n",
    "        return E_total"
   ]
  },
  {
   "cell_type": "code",
   "execution_count": null,
   "id": "educational-yield",
   "metadata": {},
   "outputs": [],
   "source": []
  },
  {
   "cell_type": "code",
   "execution_count": 39,
   "id": "backed-paragraph",
   "metadata": {},
   "outputs": [
    {
     "name": "stdout",
     "output_type": "stream",
     "text": [
      "iteration: 0, E_tot: -1.33707541, E_elek: -2.92460704, deltaE: -2.92460704\n",
      "iteration: 1, E_tot: -1.50331998, E_elek: -3.09085161, deltaE: -0.16624457\n",
      "iteration: 2, E_tot: -1.50356122, E_elek: -3.09109285, deltaE: -0.00024124\n",
      "iteration: 3, E_tot: -1.50337163, E_elek: -3.09090326, deltaE:  0.00018959\n",
      "iteration: 4, E_tot: -1.50329114, E_elek: -3.09082277, deltaE:  0.00008048\n",
      "iteration: 5, E_tot: -1.50325852, E_elek: -3.09079016, deltaE:  0.00003262\n",
      "iteration: 6, E_tot: -1.50324454, E_elek: -3.09077617, deltaE:  0.00001398\n",
      "iteration: 7, E_tot: -1.50323828, E_elek: -3.09076991, deltaE:  0.00000626\n",
      "iteration: 8, E_tot: -1.50323540, E_elek: -3.09076703, deltaE:  0.00000288\n",
      "iteration: 9, E_tot: -1.50323406, E_elek: -3.09076569, deltaE:  0.00000134\n",
      "iteration: 10, E_tot: -1.50323343, E_elek: -3.09076507, deltaE:  0.00000063\n",
      "iteration: 11, E_tot: -1.50323314, E_elek: -3.09076477, deltaE:  0.00000029\n",
      "iteration: 12, E_tot: -1.50323300, E_elek: -3.09076464, deltaE:  0.00000014\n",
      "iteration: 13, E_tot: -1.50323294, E_elek: -3.09076457, deltaE:  0.00000006\n",
      "iteration: 14, E_tot: -1.50323291, E_elek: -3.09076454, deltaE:  0.00000003\n",
      "iteration: 15, E_tot: -1.50323289, E_elek: -3.09076453, deltaE:  0.00000001\n",
      "iteration: 16, E_tot: -1.50323289, E_elek: -3.09076452, deltaE:  0.00000001\n",
      "iteration: 17, E_tot: -1.50323288, E_elek: -3.09076452, deltaE:  0.00000000\n",
      "iteration: 18, E_tot: -1.50323288, E_elek: -3.09076452, deltaE:  0.00000000\n",
      "iteration: 19, E_tot: -1.50323288, E_elek: -3.09076451, deltaE:  0.00000000\n",
      "iteration: 20, E_tot: -1.50323288, E_elek: -3.09076451, deltaE:  0.00000000\n",
      "iteration: 21, E_tot: -1.50323288, E_elek: -3.09076451, deltaE:  0.00000000\n",
      "iteration: 22, E_tot: -1.50323288, E_elek: -3.09076451, deltaE:  0.00000000\n",
      "iteration: 23, E_tot: -1.50323288, E_elek: -3.09076451, deltaE:  0.00000000\n",
      "iteration: 24, E_tot: -1.50323288, E_elek: -3.09076451, deltaE:  0.00000000\n",
      "iteration: 25, E_tot: -1.50323288, E_elek: -3.09076451, deltaE:  0.00000000\n",
      "iteration: 26, E_tot: -1.50323288, E_elek: -3.09076451, deltaE:  0.00000000\n",
      "iteration: 27, E_tot: -1.50323288, E_elek: -3.09076451, deltaE:  0.00000000\n",
      "iteration: 28, E_tot: -1.50323288, E_elek: -3.09076451, deltaE:  0.00000000\n",
      "iteration: 29, E_tot: -1.50323288, E_elek: -3.09076451, deltaE:  0.00000000\n"
     ]
    },
    {
     "data": {
      "text/plain": [
       "-1.5032328821181995"
      ]
     },
     "execution_count": 39,
     "metadata": {},
     "output_type": "execute_result"
    }
   ],
   "source": [
    "psi4.set_options({\"BASIS\": \"cc-pvdz\"})\n",
    "h1 = ConstrainedMolecule(\"\"\"\n",
    "H 0 0 0\n",
    "H 0 0.86602540378 0.5\n",
    "H 0 0 1\n",
    "units angstrom\"\"\")\n",
    "h1.id.setConvergence(1e-12)\n",
    "h1.iteratinator()"
   ]
  },
  {
   "cell_type": "code",
   "execution_count": 11,
   "id": "equivalent-scratch",
   "metadata": {},
   "outputs": [
    {
     "data": {
      "text/plain": [
       "-1.5050449496717984"
      ]
     },
     "execution_count": 11,
     "metadata": {},
     "output_type": "execute_result"
    }
   ],
   "source": [
    "psi4.energy('scf', molecule=h1.id.id)"
   ]
  },
  {
   "cell_type": "code",
   "execution_count": null,
   "id": "looking-technique",
   "metadata": {},
   "outputs": [],
   "source": [
    "mol = psi4.geometry(\"\"\"\n",
    "H 0 0 0\n",
    "H 0 0.86602540378 0.5\n",
    "H 0 0 1\n",
    "units angstrom\"\"\")\n",
    "wfn = psi4.core.Wavefunction.build(mol, psi4.core.get_global_option('basis'))\n",
    "e, wfn = psi4.energy('scf', molecule=mol, return_wfn=True)\n",
    "psi4.core.CUHF.compute_energy(wfn)"
   ]
  },
  {
   "cell_type": "code",
   "execution_count": 27,
   "id": "satisfied-watts",
   "metadata": {},
   "outputs": [
    {
     "data": {
      "text/plain": [
       "array([[8.46023993e+00, 0.00000000e+00, 0.00000000e+00, 0.00000000e+00,\n",
       "        0.00000000e+00, 0.00000000e+00, 0.00000000e+00, 0.00000000e+00,\n",
       "        0.00000000e+00, 0.00000000e+00, 0.00000000e+00, 0.00000000e+00,\n",
       "        0.00000000e+00, 0.00000000e+00, 0.00000000e+00],\n",
       "       [0.00000000e+00, 3.79407217e-01, 0.00000000e+00, 0.00000000e+00,\n",
       "        0.00000000e+00, 0.00000000e+00, 0.00000000e+00, 0.00000000e+00,\n",
       "        0.00000000e+00, 0.00000000e+00, 0.00000000e+00, 0.00000000e+00,\n",
       "        0.00000000e+00, 0.00000000e+00, 0.00000000e+00],\n",
       "       [0.00000000e+00, 0.00000000e+00, 1.65155096e-03, 0.00000000e+00,\n",
       "        0.00000000e+00, 0.00000000e+00, 0.00000000e+00, 0.00000000e+00,\n",
       "        0.00000000e+00, 0.00000000e+00, 0.00000000e+00, 0.00000000e+00,\n",
       "        0.00000000e+00, 0.00000000e+00, 0.00000000e+00],\n",
       "       [0.00000000e+00, 0.00000000e+00, 0.00000000e+00, 0.00000000e+00,\n",
       "        0.00000000e+00, 0.00000000e+00, 0.00000000e+00, 0.00000000e+00,\n",
       "        0.00000000e+00, 0.00000000e+00, 0.00000000e+00, 0.00000000e+00,\n",
       "        0.00000000e+00, 0.00000000e+00, 0.00000000e+00],\n",
       "       [0.00000000e+00, 0.00000000e+00, 0.00000000e+00, 0.00000000e+00,\n",
       "        0.00000000e+00, 0.00000000e+00, 0.00000000e+00, 0.00000000e+00,\n",
       "        0.00000000e+00, 0.00000000e+00, 0.00000000e+00, 0.00000000e+00,\n",
       "        0.00000000e+00, 0.00000000e+00, 0.00000000e+00],\n",
       "       [0.00000000e+00, 0.00000000e+00, 0.00000000e+00, 0.00000000e+00,\n",
       "        0.00000000e+00, 0.00000000e+00, 0.00000000e+00, 0.00000000e+00,\n",
       "        0.00000000e+00, 0.00000000e+00, 0.00000000e+00, 0.00000000e+00,\n",
       "        0.00000000e+00, 0.00000000e+00, 0.00000000e+00],\n",
       "       [0.00000000e+00, 0.00000000e+00, 0.00000000e+00, 0.00000000e+00,\n",
       "        0.00000000e+00, 0.00000000e+00, 0.00000000e+00, 0.00000000e+00,\n",
       "        0.00000000e+00, 0.00000000e+00, 0.00000000e+00, 0.00000000e+00,\n",
       "        0.00000000e+00, 0.00000000e+00, 0.00000000e+00],\n",
       "       [0.00000000e+00, 0.00000000e+00, 0.00000000e+00, 0.00000000e+00,\n",
       "        0.00000000e+00, 0.00000000e+00, 0.00000000e+00, 0.00000000e+00,\n",
       "        0.00000000e+00, 0.00000000e+00, 0.00000000e+00, 0.00000000e+00,\n",
       "        0.00000000e+00, 0.00000000e+00, 0.00000000e+00],\n",
       "       [0.00000000e+00, 0.00000000e+00, 0.00000000e+00, 0.00000000e+00,\n",
       "        0.00000000e+00, 0.00000000e+00, 0.00000000e+00, 0.00000000e+00,\n",
       "        0.00000000e+00, 0.00000000e+00, 0.00000000e+00, 0.00000000e+00,\n",
       "        0.00000000e+00, 0.00000000e+00, 0.00000000e+00],\n",
       "       [0.00000000e+00, 0.00000000e+00, 0.00000000e+00, 0.00000000e+00,\n",
       "        0.00000000e+00, 0.00000000e+00, 0.00000000e+00, 0.00000000e+00,\n",
       "        0.00000000e+00, 0.00000000e+00, 0.00000000e+00, 0.00000000e+00,\n",
       "        0.00000000e+00, 0.00000000e+00, 0.00000000e+00],\n",
       "       [0.00000000e+00, 0.00000000e+00, 0.00000000e+00, 0.00000000e+00,\n",
       "        0.00000000e+00, 0.00000000e+00, 0.00000000e+00, 0.00000000e+00,\n",
       "        0.00000000e+00, 0.00000000e+00, 0.00000000e+00, 0.00000000e+00,\n",
       "        0.00000000e+00, 0.00000000e+00, 0.00000000e+00],\n",
       "       [0.00000000e+00, 0.00000000e+00, 0.00000000e+00, 0.00000000e+00,\n",
       "        0.00000000e+00, 0.00000000e+00, 0.00000000e+00, 0.00000000e+00,\n",
       "        0.00000000e+00, 0.00000000e+00, 0.00000000e+00, 0.00000000e+00,\n",
       "        0.00000000e+00, 0.00000000e+00, 0.00000000e+00],\n",
       "       [0.00000000e+00, 0.00000000e+00, 0.00000000e+00, 0.00000000e+00,\n",
       "        0.00000000e+00, 0.00000000e+00, 0.00000000e+00, 0.00000000e+00,\n",
       "        0.00000000e+00, 0.00000000e+00, 0.00000000e+00, 0.00000000e+00,\n",
       "        0.00000000e+00, 0.00000000e+00, 0.00000000e+00],\n",
       "       [0.00000000e+00, 0.00000000e+00, 0.00000000e+00, 0.00000000e+00,\n",
       "        0.00000000e+00, 0.00000000e+00, 0.00000000e+00, 0.00000000e+00,\n",
       "        0.00000000e+00, 0.00000000e+00, 0.00000000e+00, 0.00000000e+00,\n",
       "        0.00000000e+00, 0.00000000e+00, 0.00000000e+00],\n",
       "       [0.00000000e+00, 0.00000000e+00, 0.00000000e+00, 0.00000000e+00,\n",
       "        0.00000000e+00, 0.00000000e+00, 0.00000000e+00, 0.00000000e+00,\n",
       "        0.00000000e+00, 0.00000000e+00, 0.00000000e+00, 0.00000000e+00,\n",
       "        0.00000000e+00, 0.00000000e+00, 0.00000000e+00]])"
      ]
     },
     "execution_count": 27,
     "metadata": {},
     "output_type": "execute_result"
    }
   ],
   "source": [
    "f_a = h1.id.displayFockMatrix('alpha')\n",
    "c = eigh(f_a, h1.id.overlap)[1]\n",
    "a = h1.id.getDensityMatrix(\"alpha\")\n",
    "b = h1.id.getDensityMatrix(\"beta\")\n",
    "p = (a + b)/2\n",
    "e = c.T.dot(p).dot(c)\n",
    "f1, f = eigh(e)\n",
    "f = f[:, ::-1]\n",
    "f_trans = c.T.dot(f_a).dot(c)\n",
    "f_no = f.T.dot(f_trans).dot(f)\n",
    "q = f.T.dot(e).dot(f)\n",
    "q[abs(q) < 1e-10] = 0\n",
    "q"
   ]
  },
  {
   "cell_type": "markdown",
   "id": "standard-attribute",
   "metadata": {},
   "source": [
    "This value does not seem correct (UHF gives about -1.506 H for the total energy). This might be the case because the Fock operator depends on the two electron integrals have not been transformed to the correct basis yet. Can this be the case?\n"
   ]
  },
  {
   "cell_type": "code",
   "execution_count": 13,
   "id": "objective-windows",
   "metadata": {},
   "outputs": [],
   "source": [
    "psi4.set_options({\"BASIS\": \"cc-pvdz\"})\n",
    "h_test = ConstrainedMolecule(\"\"\"\n",
    "H 0 0 0\n",
    "H 0 0.86602540378 0.5\n",
    "H 0 0 1\n",
    "units angstrom\"\"\")"
   ]
  },
  {
   "cell_type": "code",
   "execution_count": 21,
   "id": "upset-european",
   "metadata": {},
   "outputs": [
    {
     "data": {
      "text/plain": [
       "array([[ 1.00000000e+00, -9.35449634e-16, -5.06539255e-16,\n",
       "         1.15513088e-17, -6.93889390e-18, -1.01307851e-15,\n",
       "        -1.90819582e-16,  5.81999726e-16, -5.13331503e-18,\n",
       "         3.74700271e-16,  3.46944695e-17, -1.06858966e-15,\n",
       "         5.04804532e-16, -4.78284731e-18, -5.55111512e-17],\n",
       "       [-9.04224612e-16,  1.00000000e+00, -4.82253126e-16,\n",
       "        -1.40775426e-16, -6.65700134e-17,  1.34614542e-15,\n",
       "         1.63497688e-16, -9.54748433e-16, -1.15689374e-18,\n",
       "        -2.20309881e-16,  1.09287579e-16,  3.15719673e-15,\n",
       "        -1.12236609e-15,  3.94550374e-17, -3.12250226e-16],\n",
       "       [-5.44703171e-16, -4.86589935e-16,  1.00000000e+00,\n",
       "         6.00991998e-17,  2.25514052e-16, -4.64905892e-16,\n",
       "        -5.20417043e-16,  4.72712147e-16,  1.61936639e-17,\n",
       "        -5.82867088e-16, -7.63278329e-17, -1.17961196e-16,\n",
       "         6.01949046e-16,  4.57643834e-17,  8.04911693e-16],\n",
       "       [ 1.15513088e-17, -1.40775426e-16,  6.00991998e-17,\n",
       "         1.00000000e+00, -2.81355801e-15, -9.12145162e-16,\n",
       "        -5.01068948e-16,  8.53807390e-16,  9.47159018e-16,\n",
       "        -4.57423395e-16,  1.11890222e-15,  4.27160284e-16,\n",
       "        -6.95280775e-16,  8.88178420e-16, -2.54155623e-16],\n",
       "       [ 1.73472348e-18, -2.09251019e-16,  2.21177243e-16,\n",
       "        -2.81355801e-15,  1.00000000e+00,  7.84095011e-16,\n",
       "         7.58941521e-16, -6.35125633e-16, -2.00719857e-15,\n",
       "        -1.70002901e-16,  1.87350135e-16, -1.54390389e-15,\n",
       "         4.08093698e-16, -2.04332521e-15, -1.18655086e-15],\n",
       "       [-8.46545056e-16,  1.25420507e-15, -7.42461648e-16,\n",
       "        -9.12145162e-16,  7.75421394e-16,  1.00000000e+00,\n",
       "         4.85722573e-16, -3.93782229e-16, -1.42056567e-15,\n",
       "        -1.38777878e-17,  4.71844785e-16,  2.49800181e-16,\n",
       "        -6.73072709e-16, -1.37473102e-15,  9.43689571e-16],\n",
       "       [-2.96637714e-16,  1.53956708e-16, -5.25621213e-16,\n",
       "        -5.01068948e-16,  7.15573434e-16,  4.51028104e-16,\n",
       "         1.00000000e+00, -8.57387078e-16, -1.02036374e-16,\n",
       "        -7.77156117e-16,  5.68989300e-16, -2.30024333e-15,\n",
       "        -1.33573708e-16, -6.46676514e-16, -8.04911693e-16],\n",
       "       [ 3.31332184e-16, -9.54314752e-16,  2.54570670e-16,\n",
       "         8.53807390e-16, -4.88541499e-16, -2.28983499e-16,\n",
       "        -7.94069671e-16,  1.00000000e+00,  9.59278559e-16,\n",
       "        -5.51642065e-16, -3.36536354e-16,  1.06685494e-16,\n",
       "         9.60386284e-16,  9.49703817e-16, -1.29063427e-15],\n",
       "       [-5.13331503e-18, -1.15689374e-18,  1.61936639e-17,\n",
       "         9.47159018e-16, -2.00719857e-15, -1.42056567e-15,\n",
       "        -1.02036374e-16,  9.59278559e-16,  1.00000000e+00,\n",
       "        -7.97951922e-16,  1.34827300e-15,  1.31385469e-16,\n",
       "        -9.79818161e-16,  1.11022302e-16, -7.52113580e-16],\n",
       "       [ 2.42861287e-16, -1.18828558e-16, -4.78783679e-16,\n",
       "        -4.57423395e-16, -2.02962647e-16,  1.66533454e-16,\n",
       "        -7.35522754e-16, -5.32560107e-16, -7.97951922e-16,\n",
       "         1.00000000e+00, -7.21644966e-16,  3.95516953e-16,\n",
       "         9.15933995e-16, -6.27625288e-16, -6.66133815e-16],\n",
       "       [ 1.23165367e-16, -1.69135539e-16,  4.68375339e-17,\n",
       "         1.11890222e-15,  3.28730099e-16,  2.35922393e-16,\n",
       "         1.19695920e-16, -2.84060969e-16,  1.34827300e-15,\n",
       "        -6.17561557e-16,  1.00000000e+00,  1.06165077e-15,\n",
       "        -1.52655666e-16,  1.31042019e-15, -1.66533454e-16],\n",
       "       [-1.01307851e-15,  2.97830337e-15, -2.13370988e-16,\n",
       "         4.27160284e-16, -1.54824070e-15,  2.56739074e-16,\n",
       "        -1.65492620e-15, -6.50521303e-18,  1.31385469e-16,\n",
       "         5.16947596e-16,  8.95117314e-16,  1.00000000e+00,\n",
       "        -9.52363188e-16,  6.18899609e-16,  8.74300632e-16],\n",
       "       [ 3.17888077e-16, -1.12757026e-15,  8.18355800e-16,\n",
       "        -6.95280775e-16,  2.74086309e-16, -6.27102537e-16,\n",
       "        -9.75781955e-17,  1.00819960e-15, -9.79818161e-16,\n",
       "         8.64759653e-16, -7.45931095e-17, -9.74047232e-16,\n",
       "         1.00000000e+00, -9.62223840e-16,  6.14092110e-16],\n",
       "       [-4.78284731e-18,  3.94550374e-17,  4.57643834e-17,\n",
       "         9.29811783e-16, -2.04332521e-15, -1.37473102e-15,\n",
       "        -6.46676514e-16,  9.49703817e-16,  1.38777878e-16,\n",
       "        -6.27625288e-16,  1.31042019e-15,  6.18899609e-16,\n",
       "        -9.62223840e-16,  1.00000000e+00, -5.85077627e-16],\n",
       "       [-1.11022302e-16, -4.16333634e-16,  8.04911693e-16,\n",
       "        -2.54155623e-16, -1.15879528e-15,  7.77156117e-16,\n",
       "        -5.55111512e-16, -1.29757316e-15, -7.52113580e-16,\n",
       "        -7.77156117e-16,  0.00000000e+00,  5.27355937e-16,\n",
       "         5.55111512e-16, -5.85077627e-16,  1.00000000e+00]])"
      ]
     },
     "execution_count": 21,
     "metadata": {},
     "output_type": "execute_result"
    }
   ],
   "source": [
    "s = h_test.id.overlap\n",
    "s_eigh = eigh(s)\n",
    "s_diag = np.diag(s_eigh[0]**(-1/2))\n",
    "x = s_eigh[1].dot(s_diag).dot(s_eigh[1].T)\n",
    "x.T.dot(s).dot(x)"
   ]
  },
  {
   "cell_type": "code",
   "execution_count": 22,
   "id": "smooth-closer",
   "metadata": {},
   "outputs": [
    {
     "data": {
      "text/plain": [
       "(array([-1.78194235e-17, -2.14727327e-18,  2.74455182e-34,  2.77327639e-34,\n",
       "         2.01211142e-33,  7.38908619e-19,  2.41211690e-18,  8.05840392e-18,\n",
       "         2.67748556e-17,  2.72177565e-17,  3.30018027e-17,  6.52023815e-17,\n",
       "         4.44089210e-16,  5.00000000e-01,  1.00000000e+00]),\n",
       " array([[ 0.00000000e+00,  0.00000000e+00,  0.00000000e+00,\n",
       "          0.00000000e+00,  0.00000000e+00,  0.00000000e+00,\n",
       "          0.00000000e+00,  0.00000000e+00,  0.00000000e+00,\n",
       "          0.00000000e+00,  0.00000000e+00,  0.00000000e+00,\n",
       "          6.16588592e-01,  6.31105094e-01, -4.70664284e-01],\n",
       "        [-1.30640235e-01,  3.00844396e-01,  6.26751203e-16,\n",
       "         -8.41143893e-16, -6.43008383e-16, -3.73948706e-02,\n",
       "         -7.89667496e-02,  2.20038656e-01, -4.24872122e-01,\n",
       "          2.57854156e-01, -3.49308280e-01, -4.09191964e-02,\n",
       "         -5.36766110e-01,  3.19698737e-01, -2.74506401e-01],\n",
       "        [-5.91552737e-02,  8.33329270e-02, -3.55718948e-16,\n",
       "         -6.54985913e-17, -1.78970201e-16,  1.51849304e-02,\n",
       "          2.48516539e-01, -1.32682504e-01, -4.74755806e-01,\n",
       "          1.20952171e-02,  1.91955687e-01,  7.29732412e-01,\n",
       "          1.15670801e-01, -2.55402416e-01, -1.90931142e-01],\n",
       "        [ 1.69911501e-16,  1.31308897e-15,  3.27607484e-01,\n",
       "          1.56484651e-01,  9.31764933e-01, -4.96878595e-15,\n",
       "          1.51527907e-15,  7.26840434e-16,  2.42164418e-17,\n",
       "         -3.07074863e-16,  1.86916347e-16,  7.70210177e-17,\n",
       "         -1.80867461e-17,  4.56866273e-17,  3.75660158e-17],\n",
       "        [ 5.10058141e-03,  4.59697949e-01,  5.28047642e-15,\n",
       "         -3.94301198e-15, -5.95356342e-15, -7.18132994e-01,\n",
       "          1.11144326e-01, -1.21134690e-01, -9.02418306e-02,\n",
       "         -1.77275008e-01,  3.77810667e-01, -2.52188797e-01,\n",
       "          3.74391645e-05, -3.65779994e-05,  7.53520510e-17],\n",
       "        [-6.72207613e-01,  8.11026670e-02,  3.41748313e-16,\n",
       "         -6.19259260e-16, -5.28547095e-16, -3.77585964e-02,\n",
       "         -8.92107696e-03,  1.47369956e-01,  4.21393224e-01,\n",
       "         -1.22701043e-01, -4.96048108e-02,  2.82333199e-02,\n",
       "         -3.62289145e-02, -3.15615473e-01, -4.70664284e-01],\n",
       "        [ 1.93131857e-03, -2.41143862e-01, -1.84030432e-16,\n",
       "          9.41811161e-16,  1.71286153e-15,  1.17839063e-01,\n",
       "         -5.03620905e-01,  8.30806758e-02, -2.40841218e-01,\n",
       "          2.80269275e-01,  6.11967893e-01, -2.30957218e-01,\n",
       "         -4.58952546e-02, -1.59881245e-01, -2.74506401e-01],\n",
       "        [ 1.79100304e-01,  3.93751665e-01,  1.75593564e-15,\n",
       "         -1.53404882e-15, -1.20313552e-15, -1.72157249e-01,\n",
       "         -3.92490634e-01,  1.73392535e-01,  1.36975943e-01,\n",
       "          4.84140499e-01, -2.77094149e-01,  1.50975987e-01,\n",
       "          3.82110232e-01, -3.02124919e-01,  9.54655710e-02],\n",
       "        [-2.76199641e-16,  1.43182892e-15, -1.60100280e-01,\n",
       "          9.81121500e-01, -1.08482732e-01, -4.96966068e-15,\n",
       "         -1.71389778e-16,  7.91661011e-16, -2.31820791e-17,\n",
       "         -3.81718107e-17, -6.08962645e-17,  1.21646794e-16,\n",
       "          5.92861385e-18, -1.60607615e-17, -1.37688645e-17],\n",
       "        [-2.43683192e-01, -5.31277615e-01,  2.80154038e-15,\n",
       "         -1.94732258e-15, -2.18995049e-15, -5.23479780e-01,\n",
       "         -3.58450765e-01,  8.83273542e-02, -2.61740735e-01,\n",
       "         -2.09364327e-01, -2.82513762e-01,  1.34501180e-01,\n",
       "          9.86383047e-02,  2.69458447e-02,  1.65351219e-01],\n",
       "        [ 4.97777988e-01,  4.19815347e-02, -2.13288068e-16,\n",
       "          3.41727712e-16,  6.37161093e-16,  4.55449183e-02,\n",
       "         -2.06997691e-01, -1.51855001e-01, -9.72215830e-02,\n",
       "         -4.95092213e-01, -2.99129580e-01, -1.26668886e-01,\n",
       "         -3.63577296e-02, -3.15489621e-01, -4.70664284e-01],\n",
       "        [ 8.96946357e-02, -3.66381967e-01,  1.29399203e-15,\n",
       "         -3.28031668e-16, -1.45128726e-15, -2.80903183e-01,\n",
       "          3.60872854e-01, -4.31974019e-01,  6.17018699e-02,\n",
       "          5.32733783e-01, -1.92767158e-01, -1.84938945e-01,\n",
       "         -4.59605084e-02, -1.59817492e-01, -2.74506401e-01],\n",
       "        [-1.89087236e-01,  2.01039662e-02, -1.29718139e-15,\n",
       "          5.71907942e-16,  5.59344817e-16,  1.71873398e-01,\n",
       "          3.40481529e-01,  3.02251513e-01, -4.68094506e-01,\n",
       "         -2.70173710e-02, -1.49040158e-01, -4.88418239e-01,\n",
       "          3.82116590e-01, -3.02131131e-01,  9.54655710e-02],\n",
       "        [ 1.93281182e-16, -1.60875984e-15,  9.31150491e-01,\n",
       "          1.13636072e-01, -3.46475983e-01,  7.67655190e-15,\n",
       "          4.86312012e-16,  4.70257749e-16,  1.21299460e-16,\n",
       "         -1.59872165e-16, -4.26934595e-16,  4.88339817e-16,\n",
       "          1.99067416e-17, -2.06434157e-17, -1.60176807e-18],\n",
       "        [ 3.80132227e-01, -2.29781248e-01,  3.07046840e-16,\n",
       "         -1.30699395e-15, -1.80683951e-15, -2.30550834e-01,\n",
       "          3.07239871e-01,  7.42832594e-01,  1.75294125e-01,\n",
       "          2.13338647e-02,  1.26430441e-01,  1.35626576e-01,\n",
       "         -9.85744389e-02, -2.70082414e-02, -1.65351219e-01]]))"
      ]
     },
     "execution_count": 22,
     "metadata": {},
     "output_type": "execute_result"
    }
   ],
   "source": [
    "a = h_test.id.getDensityMatrix('alpha')\n",
    "b = h_test.id.getDensityMatrix('beta')\n",
    "x_i = np.linalg.inv(x)\n",
    "x_i_t = np.linalg.inv(x.T)\n",
    "a_trans = x_i.dot(a).dot(x_i_t)\n",
    "b_trans = x_i.dot(b).dot(x_i_t)\n",
    "p = (a_trans + b_trans)/2\n",
    "c = eigh(p)\n",
    "c"
   ]
  },
  {
   "cell_type": "markdown",
   "id": "olive-bleeding",
   "metadata": {},
   "source": [
    "Up untill here everything should be correct (density matrices are idempotent, p matrix has correct eigenvalues). The area below is still under construction."
   ]
  },
  {
   "cell_type": "code",
   "execution_count": 23,
   "id": "public-passage",
   "metadata": {},
   "outputs": [],
   "source": [
    "f_a = h_test.id.displayFockMatrix('alpha')\n",
    "f_b = h_test.id.displayFockMatrix('beta')"
   ]
  },
  {
   "cell_type": "code",
   "execution_count": 24,
   "id": "olympic-avenue",
   "metadata": {},
   "outputs": [
    {
     "ename": "NameError",
     "evalue": "name 'x' is not defined",
     "output_type": "error",
     "traceback": [
      "\u001b[0;31m---------------------------------------------------------------------------\u001b[0m",
      "\u001b[0;31mNameError\u001b[0m                                 Traceback (most recent call last)",
      "\u001b[0;32m<ipython-input-24-bb6264fa1d4a>\u001b[0m in \u001b[0;36m<module>\u001b[0;34m\u001b[0m\n\u001b[0;32m----> 1\u001b[0;31m \u001b[0mf_a_trans\u001b[0m \u001b[0;34m=\u001b[0m \u001b[0mx\u001b[0m\u001b[0;34m.\u001b[0m\u001b[0mdot\u001b[0m\u001b[0;34m(\u001b[0m\u001b[0mf_a\u001b[0m\u001b[0;34m)\u001b[0m\u001b[0;34m.\u001b[0m\u001b[0mdot\u001b[0m\u001b[0;34m(\u001b[0m\u001b[0mx\u001b[0m\u001b[0;34m.\u001b[0m\u001b[0mT\u001b[0m\u001b[0;34m)\u001b[0m\u001b[0;34m\u001b[0m\u001b[0;34m\u001b[0m\u001b[0m\n\u001b[0m\u001b[1;32m      2\u001b[0m \u001b[0mf_a_no\u001b[0m \u001b[0;34m=\u001b[0m \u001b[0mc\u001b[0m\u001b[0;34m[\u001b[0m\u001b[0;36m1\u001b[0m\u001b[0;34m]\u001b[0m\u001b[0;34m.\u001b[0m\u001b[0mT\u001b[0m\u001b[0;34m.\u001b[0m\u001b[0mdot\u001b[0m\u001b[0;34m(\u001b[0m\u001b[0mf_a_trans\u001b[0m\u001b[0;34m)\u001b[0m\u001b[0;34m.\u001b[0m\u001b[0mdot\u001b[0m\u001b[0;34m(\u001b[0m\u001b[0mc\u001b[0m\u001b[0;34m[\u001b[0m\u001b[0;36m1\u001b[0m\u001b[0;34m]\u001b[0m\u001b[0;34m)\u001b[0m\u001b[0;34m\u001b[0m\u001b[0;34m\u001b[0m\u001b[0m\n\u001b[1;32m      3\u001b[0m \u001b[0mf_b_trans\u001b[0m \u001b[0;34m=\u001b[0m \u001b[0mx\u001b[0m\u001b[0;34m.\u001b[0m\u001b[0mdot\u001b[0m\u001b[0;34m(\u001b[0m\u001b[0mf_b\u001b[0m\u001b[0;34m)\u001b[0m\u001b[0;34m.\u001b[0m\u001b[0mdot\u001b[0m\u001b[0;34m(\u001b[0m\u001b[0mx\u001b[0m\u001b[0;34m.\u001b[0m\u001b[0mT\u001b[0m\u001b[0;34m)\u001b[0m\u001b[0;34m\u001b[0m\u001b[0;34m\u001b[0m\u001b[0m\n\u001b[1;32m      4\u001b[0m \u001b[0mf_b_no\u001b[0m \u001b[0;34m=\u001b[0m \u001b[0mc\u001b[0m\u001b[0;34m[\u001b[0m\u001b[0;36m1\u001b[0m\u001b[0;34m]\u001b[0m\u001b[0;34m.\u001b[0m\u001b[0mT\u001b[0m\u001b[0;34m.\u001b[0m\u001b[0mdot\u001b[0m\u001b[0;34m(\u001b[0m\u001b[0mf_b_trans\u001b[0m\u001b[0;34m)\u001b[0m\u001b[0;34m.\u001b[0m\u001b[0mdot\u001b[0m\u001b[0;34m(\u001b[0m\u001b[0mc\u001b[0m\u001b[0;34m[\u001b[0m\u001b[0;36m1\u001b[0m\u001b[0;34m]\u001b[0m\u001b[0;34m)\u001b[0m\u001b[0;34m\u001b[0m\u001b[0;34m\u001b[0m\u001b[0m\n",
      "\u001b[0;31mNameError\u001b[0m: name 'x' is not defined"
     ]
    }
   ],
   "source": [
    "f_a_trans = x.dot(f_a).dot(x.T)\n",
    "f_a_no = c[1].T.dot(f_a_trans).dot(c[1])\n",
    "f_b_trans = x.dot(f_b).dot(x.T)\n",
    "f_b_no = c[1].T.dot(f_b_trans).dot(c[1])"
   ]
  },
  {
   "cell_type": "markdown",
   "id": "exterior-visitor",
   "metadata": {},
   "source": [
    "This expression seems a bit too simple. Nevertheless, according to Tsuchimochi & Scuseria it should hold."
   ]
  },
  {
   "cell_type": "code",
   "execution_count": 25,
   "id": "magnetic-saudi",
   "metadata": {
    "scrolled": true
   },
   "outputs": [],
   "source": [
    "f_cs = (f_a_no + f_b_no)/2"
   ]
  },
  {
   "cell_type": "code",
   "execution_count": 26,
   "id": "suffering-hacker",
   "metadata": {},
   "outputs": [
    {
     "data": {
      "text/plain": [
       "array([[ 5.97630536e-01,  4.08572328e-01,  5.95842407e-03,\n",
       "        -1.83937606e-17, -8.13875443e-06, -2.98874857e-01,\n",
       "        -2.04326902e-01, -5.15242734e-02, -7.21818209e-18,\n",
       "         3.31883368e-02, -2.98755680e-01, -2.04245426e-01,\n",
       "        -5.15319158e-02, -4.00369981e-18, -3.31913772e-02],\n",
       "       [ 4.08572328e-01,  2.79321984e-01,  4.07349866e-03,\n",
       "        -1.25749625e-17, -5.56408959e-06, -2.04326902e-01,\n",
       "        -1.39688842e-01, -3.52247602e-02, -4.93473690e-18,\n",
       "         2.26893293e-02, -2.04245426e-01, -1.39633141e-01,\n",
       "        -3.52299850e-02, -2.73714419e-18, -2.26914079e-02],\n",
       "       [ 5.95842407e-03,  4.07349866e-03,  5.94059627e-05,\n",
       "        -1.83387259e-19, -8.11440302e-08, -2.97980613e-03,\n",
       "        -2.03715549e-03, -5.13701111e-04, -7.19658506e-20,\n",
       "         3.30890363e-04, -2.97861793e-03, -2.03634317e-03,\n",
       "        -5.13777307e-04, -3.99172061e-20, -3.30920675e-04],\n",
       "       [-1.83937606e-17, -1.25749625e-17, -1.83387259e-19,\n",
       "         5.66119714e-34,  2.50493058e-22,  9.19871429e-18,\n",
       "         6.28873507e-18,  1.58580442e-18,  2.22159855e-34,\n",
       "        -1.02146441e-18,  9.19504629e-18,  6.28622742e-18,\n",
       "         1.58603964e-18,  1.23225122e-34,  1.02155798e-18],\n",
       "       [-8.13875443e-06, -5.56408959e-06, -8.11440302e-08,\n",
       "         2.50493058e-22,  1.10836578e-10,  4.07018871e-06,\n",
       "         2.78259958e-06,  7.01676676e-07,  9.82998825e-23,\n",
       "        -4.51971088e-07,  4.06856572e-06,  2.78149001e-06,\n",
       "         7.01780754e-07,  5.45238698e-23,  4.52012492e-07],\n",
       "       [-2.98874857e-01, -2.04326902e-01, -2.97980613e-03,\n",
       "         9.19871429e-18,  4.07018871e-06,  1.49467228e-01,\n",
       "         1.02183824e-01,  2.57672740e-02,  3.60981076e-18,\n",
       "        -1.65974776e-02,  1.49407628e-01,  1.02143078e-01,\n",
       "         2.57710960e-02,  2.00224910e-18,  1.65989980e-02],\n",
       "       [-2.04326902e-01, -1.39688842e-01, -2.03715549e-03,\n",
       "         6.28873507e-18,  2.78259958e-06,  1.02183824e-01,\n",
       "         6.98583493e-02,  1.76158923e-02,  2.46786048e-18,\n",
       "        -1.13469270e-02,  1.02143078e-01,  6.98304932e-02,\n",
       "         1.76185052e-02,  1.36884501e-18,  1.13479664e-02],\n",
       "       [-5.15242734e-02, -3.52247602e-02, -5.13701111e-04,\n",
       "         1.58580442e-18,  7.01676676e-07,  2.57672740e-02,\n",
       "         1.76158923e-02,  4.44212701e-03,  6.22310215e-19,\n",
       "        -2.86130784e-03,  2.57569993e-02,  1.76088679e-02,\n",
       "         4.44278590e-03,  3.45176009e-19,  2.86156996e-03],\n",
       "       [-7.21818209e-18, -4.93473690e-18, -7.19658506e-20,\n",
       "         2.22159855e-34,  9.82998825e-23,  3.60981076e-18,\n",
       "         2.46786048e-18,  6.22310215e-19,  8.71812091e-35,\n",
       "        -4.00848759e-19,  3.60837134e-18,  2.46687642e-18,\n",
       "         6.22402521e-19,  4.83566895e-35,  4.00885480e-19],\n",
       "       [ 3.31883368e-02,  2.26893293e-02,  3.30890363e-04,\n",
       "        -1.02146441e-18, -4.51971088e-07, -1.65974776e-02,\n",
       "        -1.13469270e-02, -2.86130784e-03, -4.00848759e-19,\n",
       "         1.84305459e-03, -1.65908593e-02, -1.13424023e-02,\n",
       "        -2.86173225e-03, -2.22338267e-19, -1.84322343e-03],\n",
       "       [-2.98755680e-01, -2.04245426e-01, -2.97861793e-03,\n",
       "         9.19504629e-18,  4.06856572e-06,  1.49407628e-01,\n",
       "         1.02143078e-01,  2.57569993e-02,  3.60837134e-18,\n",
       "        -1.65908593e-02,  1.49348052e-01,  1.02102348e-01,\n",
       "         2.57608198e-02,  2.00145070e-18,  1.65923792e-02],\n",
       "       [-2.04245426e-01, -1.39633141e-01, -2.03634317e-03,\n",
       "         6.28622742e-18,  2.78149001e-06,  1.02143078e-01,\n",
       "         6.98304932e-02,  1.76088679e-02,  2.46687642e-18,\n",
       "        -1.13424023e-02,  1.02102348e-01,  6.98026482e-02,\n",
       "         1.76114798e-02,  1.36829918e-18,  1.13434414e-02],\n",
       "       [-5.15319158e-02, -3.52299850e-02, -5.13777307e-04,\n",
       "         1.58603964e-18,  7.01780754e-07,  2.57710960e-02,\n",
       "         1.76185052e-02,  4.44278590e-03,  6.22402521e-19,\n",
       "        -2.86173225e-03,  2.57608198e-02,  1.76114798e-02,\n",
       "         4.44344488e-03,  3.45227208e-19,  2.86199441e-03],\n",
       "       [-4.00369981e-18, -2.73714419e-18, -3.99172061e-20,\n",
       "         1.23225122e-34,  5.45238698e-23,  2.00224910e-18,\n",
       "         1.36884501e-18,  3.45176009e-19,  4.83566895e-35,\n",
       "        -2.22338267e-19,  2.00145070e-18,  1.36829918e-18,\n",
       "         3.45227208e-19,  2.68219430e-35,  2.22358635e-19],\n",
       "       [-3.31913772e-02, -2.26914079e-02, -3.30920675e-04,\n",
       "         1.02155798e-18,  4.52012492e-07,  1.65989980e-02,\n",
       "         1.13479664e-02,  2.86156996e-03,  4.00885480e-19,\n",
       "        -1.84322343e-03,  1.65923792e-02,  1.13434414e-02,\n",
       "         2.86199441e-03,  2.22358635e-19,  1.84339229e-03]])"
      ]
     },
     "execution_count": 26,
     "metadata": {},
     "output_type": "execute_result"
    }
   ],
   "source": [
    "a = h_test.id.getDensityMatrix(\"alpha\")\n",
    "b = h_test.id.getDensityMatrix(\"beta\")\n",
    "a - b"
   ]
  },
  {
   "cell_type": "code",
   "execution_count": 14,
   "id": "ancient-briefing",
   "metadata": {},
   "outputs": [],
   "source": [
    "f_b = h_test.id.displayFockMatrix(\"beta\")\n",
    "f_a = h_test.id.displayFockMatrix(\"alpha\")"
   ]
  },
  {
   "cell_type": "code",
   "execution_count": 15,
   "id": "prompt-regression",
   "metadata": {},
   "outputs": [],
   "source": [
    "f_cs = (f_a + f_b)/2"
   ]
  },
  {
   "cell_type": "code",
   "execution_count": 16,
   "id": "floppy-hypothesis",
   "metadata": {},
   "outputs": [],
   "source": [
    "a = h_test.id.getDensityMatrix(\"alpha\")\n",
    "b = h_test.id.getDensityMatrix(\"beta\")\n",
    "p = (a + b)/2"
   ]
  },
  {
   "cell_type": "code",
   "execution_count": 17,
   "id": "jewish-affiliation",
   "metadata": {},
   "outputs": [
    {
     "data": {
      "text/plain": [
       "array([[-7.58405463e-01, -7.94683425e-01, -3.06750457e-01,\n",
       "        -1.27168923e-17, -3.08560854e-06, -7.54336437e-01,\n",
       "        -7.94999942e-01,  1.47070071e-01, -1.90738239e-17,\n",
       "         2.83932557e-01, -7.54337590e-01, -7.94999972e-01,\n",
       "         1.47065917e-01, -1.78931461e-18, -2.83931532e-01],\n",
       "       [ 5.59310915e-01,  3.22414727e-01, -3.62159382e-01,\n",
       "        -3.00090498e-17,  4.19792534e-05, -2.78792245e-01,\n",
       "        -1.67906146e-01, -4.18501181e-01, -3.04469997e-17,\n",
       "         2.80649131e-02, -2.78885707e-01, -1.67960790e-01,\n",
       "        -4.18495325e-01, -2.88952079e-17, -2.79911033e-02],\n",
       "       [ 4.46536786e-05,  2.96757119e-05, -2.99489374e-05,\n",
       "        -1.76528670e-16, -3.34963986e-01, -3.95587210e-01,\n",
       "        -3.08330103e-01, -1.77905968e-03, -3.84554902e-16,\n",
