{
 "cells": [
  {
   "cell_type": "code",
   "execution_count": 1,
   "id": "peaceful-rally",
   "metadata": {},
   "outputs": [],
   "source": [
    "import psi4\n",
    "import numpy as np\n",
    "import scipy.linalg as sp\n",
    "psi4.set_output_file(\"output.dat\", True)  # setting output file\n",
    "psi4.set_memory(int(40e8))\n",
    "numpy_memory = 8\n",
    "psi4.set_options({'basis': 'cc-pvdz', 'reference': 'uhf', 'scf_type': 'df'})\n",
    "\n",
    "\n",
    "class Molecule:\n",
    "    def __init__(self, geom_file):\n",
    "        \"\"\"\n",
    "        sets up the molecule object\n",
    "        \n",
    "        input:\n",
    "        geom_file: a link to a pubchem file    \n",
    "            \n",
    "        note:\n",
    "        This class is designed to work in an iterative Restricted Closed Shell HF calculation. The guess matrix needs to be\n",
    "        updated asap. This will always correspond to the curren fock-matrix.\n",
    "        \"\"\"\n",
    "        if \"\"\"pubchem\"\"\" in geom_file:\n",
    "            self.id = psi4.geometry(geom_file)\n",
    "        else:\n",
    "            self.id = psi4.geometry(f\"\"\"\n",
    "            {geom_file}\"\"\")\n",
    "        self.id.update_geometry()\n",
    "        self.wfn =  psi4.core.Wavefunction.build(self.id, psi4.core.get_global_option('basis'))\n",
    "        self.basis = self.wfn.basisset()\n",
    "        self.integrals = psi4.core.MintsHelper(self.basis)\n",
    "        self.alpha = self.wfn.nalpha()\n",
    "        self.beta = self.wfn.nbeta()\n",
    "        # only works for closed shell systems\n",
    "        self.guessMatrix_a = \"empty\"\n",
    "        self.guessMatrix_b = \"empty\"\n",
    "    \n",
    "    \n",
    "    def setGuess(self, new_guess=None, spin=None):\n",
    "        \"\"\"\n",
    "        sets the guessMatrix to a new value\n",
    "        \n",
    "        input:\n",
    "        new_guess: numpy array that represents a new fock matrix\n",
    "        spin: a string, either \"alpha\" or \"beta\"\n",
    "        \"\"\"\n",
    "        if self.guessMatrix_a == \"empty\" and self.guessMatrix_b == \"empty\":\n",
    "            self.guessMatrix_a = self.displayHamiltonian()\n",
    "            self.guessMatrix_b = self.displayHamiltonian()\n",
    "        else:\n",
    "            assert spin == \"alpha\" or spin == \"beta\", f\"{spin}: no valid spin\"\n",
    "            if spin == \"alpha\":\n",
    "                self.guessMatrix_a = new_guess\n",
    "            else:\n",
    "                self.guessMatrix_b = new_guess\n",
    "\n",
    "\n",
    "    def displayNucRep(self):\n",
    "        \"\"\"\n",
    "        Will calculate the nuclear repulsion\n",
    "        \"\"\"\n",
    "        return self.id.nuclear_repulsion_energy()\n",
    "\n",
    "\n",
    "    def displayOverlap(self):\n",
    "        \"\"\"\n",
    "        Will display the overlap matrix as np array\n",
    "        \"\"\"\n",
    "        return self.integrals.ao_overlap().np\n",
    "\n",
    "\n",
    "    def displayE_kin(self):\n",
    "        \"\"\"\n",
    "        Will display kinetic energy as np array\n",
    "        \"\"\"\n",
    "        return self.integrals.ao_kinetic().np\n",
    "\n",
    "\n",
    "    def displayE_pot(self):\n",
    "        \"\"\"\n",
    "        Will display the kinetic energy as np array\n",
    "        \"\"\"\n",
    "        return self.integrals.ao_potential().np\n",
    "\n",
    "\n",
    "    def displayHamiltonian(self):\n",
    "        \"\"\"\n",
    "        Will display the hamiltonian as a np array\n",
    "        \"\"\"\n",
    "        return self.displayE_kin() + self.displayE_pot()\n",
    "\n",
    "\n",
    "    def displayElectronRepulsion(self):\n",
    "        \"\"\"\n",
    "        Will display the interelectronic repulsion as a np array (4D array)\n",
    "        \"\"\"\n",
    "        return self.integrals.ao_eri().np\n",
    "\n",
    "\n",
    "    def transformToUnity(self):\n",
    "        \"\"\"\n",
    "        Gives the matrix that will transform S into I_n\n",
    "        \n",
    "        note:\n",
    "        functions return dimension objects, do not use equality\n",
    "        \"\"\"\n",
    "        transformMatrix = self.integrals.ao_overlap()\n",
    "        transformMatrix.power(-0.5, 1e-16)\n",
    "        return transformMatrix.np\n",
    "\n",
    "\n",
    "    def getEigenStuff(self, spin):\n",
    "        \"\"\"\n",
    "        calculates the eigenvectors and eigenvalues of the hamiltonian\n",
    "        input:\n",
    "        spin: a string, either \"alpha\" or \"beta\"\n",
    "        \"\"\"\n",
    "        if spin == \"alpha\":\n",
    "            F = self.guessMatrix_a\n",
    "        else:\n",
    "            F = self.guessMatrix_b        \n",
    "        return sp.eigh(F, b=self.displayOverlap())\n",
    "\n",
    "\n",
    "    def getDensityMatrix(self, spin):\n",
    "        \"\"\"\n",
    "        generates the densitiy matrices on the MO level, D_alpha, D_beta\n",
    "        \n",
    "        input:\n",
    "        spin: a string, either \"alpha\" or \"beta\"\n",
    "        \"\"\"\n",
    "        assert spin == \"alpha\" or spin == \"beta\", f\"{spin}: no valid spin\"\n",
    "        if spin == \"alpha\":\n",
    "            occ = self.alpha\n",
    "        else:\n",
    "            occ = self.beta\n",
    "        C = self.getEigenStuff(spin)[1]\n",
    "        D = np.einsum(\"pq, qr->pr\", C[:, :occ], C[:, :occ].T, optimize=True)\n",
    "        return D\n",
    "\n",
    "\n",
    "    def displayFockMatrix(self, spin):\n",
    "        \"\"\"\n",
    "        Will display the Fock matrix\n",
    "        \n",
    "        input:\n",
    "        spin: a string, either \"alpha\" or \"beta\"\n",
    "        \"\"\"\n",
    "        coulomb_a = np.einsum(\"nopq,pq->no\", self.displayElectronRepulsion(), self.getDensityMatrix(\"alpha\"), optimize=True)\n",
    "        coulomb_b = np.einsum(\"nopq,pq->no\", self.displayElectronRepulsion(), self.getDensityMatrix(\"beta\"), optimize=True)\n",
    "        exchange = np.einsum(\"npoq,pq->no\", self.displayElectronRepulsion(), self.getDensityMatrix(spin), optimize=True)\n",
    "        F = self.displayHamiltonian() + coulomb_a + coulomb_b - exchange\n",
    "        return F\n",
    "\n",
    "\n",
    "    def getElectronicEnergy(self):\n",
    "        \"\"\"\n",
    "        calculates the energy with the current fock matrix\n",
    "        \"\"\"\n",
    "        sumMatrix_alpha = self.displayHamiltonian() + self.displayFockMatrix(\"alpha\")\n",
    "        E_alpha = 0.5*np.einsum(\"pq,pq->\", sumMatrix_alpha, self.getDensityMatrix(\"alpha\"), optimize=True)\n",
    "        sumMatrix_beta = self.displayHamiltonian() + self.displayFockMatrix(\"beta\")\n",
    "        E_beta = 0.5*np.einsum(\"pq,pq->\", sumMatrix_beta, self.getDensityMatrix(\"beta\"), optimize=True)\n",
    "        return E_alpha + E_beta \n",
    "\n",
    "\n",
    "    def getTotalEnergy(self):\n",
    "        \"\"\"\n",
    "        Calculates the total energy\n",
    "        \"\"\"\n",
    "        return self.getElectronicEnergy() + self.displayNucRep()\n",
    "\n",
    "\n",
    "def iterator(target_molecule):\n",
    "    \"\"\"\n",
    "    Function that performs the Hartree-Fock iterative calculations for the given molecule.\n",
    "    \n",
    "    input:\n",
    "    target_molecule: a molecule object from the class molecule\n",
    "    \n",
    "    note:\n",
    "    the target_molecule needs to have its guessmatrices set before entering\n",
    "    \"\"\"\n",
    "    assert target_molecule.guessMatrix_a != \"empty\" and target_molecule.guessMatrix_b != \"empty\", \"make a guess first\"\n",
    "    # setting up entry parameters for the while loop\n",
    "    E_new = 0  \n",
    "    E_old = 0\n",
    "    d_old_alpha = target_molecule.getDensityMatrix(\"alpha\")\n",
    "    d_old_beta = target_molecule.getDensityMatrix(\"beta\")\n",
    "    convergence = False\n",
    "\n",
    "    # step 2: start iterating\n",
    "    itercount = 0\n",
    "    while not convergence and itercount < 500:\n",
    "\n",
    "        # calculating block: calculates energies\n",
    "        E_new = target_molecule.getElectronicEnergy()\n",
    "        E_total = target_molecule.getTotalEnergy()\n",
    "\n",
    "        # generating block: generates new matrices UHF: account for alpha and beta\n",
    "        F_a =  target_molecule.displayFockMatrix(\"alpha\")\n",
    "        target_molecule.setGuess(F_a, \"alpha\")\n",
    "        F_b = target_molecule.displayFockMatrix(\"beta\")\n",
    "        target_molecule.setGuess(F_b, \"beta\") \n",
    "        d_new_alpha = target_molecule.getDensityMatrix(\"alpha\")\n",
    "        d_new_beta = target_molecule.getDensityMatrix(\"beta\")\n",
    "\n",
    "        # comparing block: will answer the \"Are we there yet?\" question\n",
    "        rms_D_a = np.einsum(\"pq->\", np.sqrt((d_old_alpha - d_new_alpha)**2), optimize=True)\n",
    "        rms_D_b = np.einsum(\"pq->\", np.sqrt((d_old_beta - d_new_beta)**2), optimize=True)\n",
    "        if rms_D_a < 1e-4:\n",
    "            convergence = True\n",
    "\n",
    "\n",
    "        # maintenance block: keeps everything going\n",
    "        print(f\"iteration: {itercount}, E_tot: {E_total: .8f}, E_elek: {E_new: .8f}, deltaE: {E_new - E_old: .8f}, rmsD: {rms_D_a: .8f}\")\n",
    "        E_old = E_new\n",
    "        d_old_alpha = d_new_alpha\n",
    "        d_old_beta = d_new_beta\n",
    "        itercount += 1\n",
    "    return E_total"
   ]
  },
  {
   "cell_type": "code",
   "execution_count": 9,
   "id": "dietary-lloyd",
   "metadata": {},
   "outputs": [],
   "source": [
    "water = Molecule(\"\"\"\n",
    "O\n",
    "H 1 1.1\n",
    "H 1 1.1 2 104\n",
    "\n",
    "symmetry c1\n",
    "\"\"\")\n"
   ]
  },
  {
   "cell_type": "code",
   "execution_count": 10,
   "id": "hidden-affect",
   "metadata": {},
   "outputs": [
    {
     "name": "stderr",
     "output_type": "stream",
     "text": [
      "/usr/local/miniconda3/lib/python3.7/site-packages/ipykernel_launcher.py:183: FutureWarning: elementwise comparison failed; returning scalar instead, but in the future will perform elementwise comparison\n",
      "/usr/local/miniconda3/lib/python3.7/site-packages/ipykernel_launcher.py:46: FutureWarning: elementwise comparison failed; returning scalar instead, but in the future will perform elementwise comparison\n"
     ]
    },
    {
     "name": "stdout",
     "output_type": "stream",
     "text": [
      "iteration: 0, E_tot: -68.98003273, E_elek: -76.98239922, deltaE: -76.98239922, rmsD:  42.31361989\n",
      "iteration: 1, E_tot: -74.74036874, E_elek: -82.74273522, deltaE: -5.76033601, rmsD:  37.18819436\n",
      "iteration: 2, E_tot: -75.91721792, E_elek: -83.91958441, deltaE: -1.17684918, rmsD:  2.81111207\n",
      "iteration: 3, E_tot: -75.96577915, E_elek: -83.96814563, deltaE: -0.04856122, rmsD:  1.17360732\n",
      "iteration: 4, E_tot: -75.97882655, E_elek: -83.98119303, deltaE: -0.01304740, rmsD:  0.61311485\n",
      "iteration: 5, E_tot: -75.98416211, E_elek: -83.98652860, deltaE: -0.00533556, rmsD:  0.39142136\n",
      "iteration: 6, E_tot: -75.98678990, E_elek: -83.98915638, deltaE: -0.00262779, rmsD:  0.27308060\n",
      "iteration: 7, E_tot: -75.98816702, E_elek: -83.99053351, deltaE: -0.00137712, rmsD:  0.19366630\n",
      "iteration: 8, E_tot: -75.98890631, E_elek: -83.99127280, deltaE: -0.00073929, rmsD:  0.13969669\n",
      "iteration: 9, E_tot: -75.98930782, E_elek: -83.99167430, deltaE: -0.00040150, rmsD:  0.10141844\n",
      "iteration: 10, E_tot: -75.98952731, E_elek: -83.99189379, deltaE: -0.00021949, rmsD:  0.07400095\n",
      "iteration: 11, E_tot: -75.98964779, E_elek: -83.99201427, deltaE: -0.00012048, rmsD:  0.05420644\n",
      "iteration: 12, E_tot: -75.98971410, E_elek: -83.99208058, deltaE: -0.00006631, rmsD:  0.03993877\n",
      "iteration: 13, E_tot: -75.98975066, E_elek: -83.99211715, deltaE: -0.00003656, rmsD:  0.02959191\n",
      "iteration: 14, E_tot: -75.98977085, E_elek: -83.99213733, deltaE: -0.00002018, rmsD:  0.02194679\n",
      "iteration: 15, E_tot: -75.98978200, E_elek: -83.99214848, deltaE: -0.00001115, rmsD:  0.01628788\n",
      "iteration: 16, E_tot: -75.98978816, E_elek: -83.99215464, deltaE: -0.00000616, rmsD:  0.01209475\n",
      "iteration: 17, E_tot: -75.98979157, E_elek: -83.99215805, deltaE: -0.00000341, rmsD:  0.00898502\n",
      "iteration: 18, E_tot: -75.98979345, E_elek: -83.99215993, deltaE: -0.00000189, rmsD:  0.00667715\n",
      "iteration: 19, E_tot: -75.98979450, E_elek: -83.99216098, deltaE: -0.00000104, rmsD:  0.00496340\n",
      "iteration: 20, E_tot: -75.98979507, E_elek: -83.99216155, deltaE: -0.00000058, rmsD:  0.00369026\n",
      "iteration: 21, E_tot: -75.98979539, E_elek: -83.99216187, deltaE: -0.00000032, rmsD:  0.00274413\n",
      "iteration: 22, E_tot: -75.98979557, E_elek: -83.99216205, deltaE: -0.00000018, rmsD:  0.00204083\n",
      "iteration: 23, E_tot: -75.98979567, E_elek: -83.99216215, deltaE: -0.00000010, rmsD:  0.00151791\n",
      "iteration: 24, E_tot: -75.98979572, E_elek: -83.99216220, deltaE: -0.00000005, rmsD:  0.00112907\n",
      "iteration: 25, E_tot: -75.98979575, E_elek: -83.99216223, deltaE: -0.00000003, rmsD:  0.00083988\n",
      "iteration: 26, E_tot: -75.98979577, E_elek: -83.99216225, deltaE: -0.00000002, rmsD:  0.00062478\n",
      "iteration: 27, E_tot: -75.98979578, E_elek: -83.99216226, deltaE: -0.00000001, rmsD:  0.00046479\n",
      "iteration: 28, E_tot: -75.98979578, E_elek: -83.99216226, deltaE: -0.00000001, rmsD:  0.00034578\n",
      "iteration: 29, E_tot: -75.98979578, E_elek: -83.99216227, deltaE: -0.00000000, rmsD:  0.00025724\n",
      "iteration: 30, E_tot: -75.98979579, E_elek: -83.99216227, deltaE: -0.00000000, rmsD:  0.00019138\n",
      "iteration: 31, E_tot: -75.98979579, E_elek: -83.99216227, deltaE: -0.00000000, rmsD:  0.00014238\n",
      "iteration: 32, E_tot: -75.98979579, E_elek: -83.99216227, deltaE: -0.00000000, rmsD:  0.00010593\n",
      "iteration: 33, E_tot: -75.98979579, E_elek: -83.99216227, deltaE: -0.00000000, rmsD:  0.00007881\n"
     ]
    },
    {
     "data": {
      "text/plain": [
       "-75.98979578696142"
      ]
     },
     "execution_count": 10,
     "metadata": {},
     "output_type": "execute_result"
    }
   ],
   "source": [
    "water.setGuess()\n",
    "E = iterator(water)\n",
    "E"
   ]
  },
  {
   "cell_type": "code",
   "execution_count": 12,
   "id": "african-visit",
   "metadata": {},
   "outputs": [
    {
     "name": "stdout",
     "output_type": "stream",
     "text": [
      "\tSCF Energy: computed value (-75.9897958) does not match (-75.9897775) to 6 digits.\n"
     ]
    },
    {
     "ename": "TestComparisonError",
     "evalue": "\tSCF Energy: computed value (-75.9897958) does not match (-75.9897775) to 6 digits.",
     "output_type": "error",
     "traceback": [
      "\u001b[0;31m---------------------------------------------------------------------------\u001b[0m",
      "\u001b[0;31mTestComparisonError\u001b[0m                       Traceback (most recent call last)",
      "\u001b[0;32m<ipython-input-12-72c69bed0b7e>\u001b[0m in \u001b[0;36m<module>\u001b[0;34m\u001b[0m\n\u001b[1;32m      1\u001b[0m \u001b[0mSCF_E_psi\u001b[0m \u001b[0;34m=\u001b[0m \u001b[0mpsi4\u001b[0m\u001b[0;34m.\u001b[0m\u001b[0menergy\u001b[0m\u001b[0;34m(\u001b[0m\u001b[0;34m'SCF'\u001b[0m\u001b[0;34m)\u001b[0m\u001b[0;34m\u001b[0m\u001b[0;34m\u001b[0m\u001b[0m\n\u001b[0;32m----> 2\u001b[0;31m \u001b[0mpsi4\u001b[0m\u001b[0;34m.\u001b[0m\u001b[0mcompare_values\u001b[0m\u001b[0;34m(\u001b[0m\u001b[0mSCF_E_psi\u001b[0m\u001b[0;34m,\u001b[0m \u001b[0mE\u001b[0m\u001b[0;34m,\u001b[0m \u001b[0;36m6\u001b[0m\u001b[0;34m,\u001b[0m \u001b[0;34m'SCF Energy'\u001b[0m\u001b[0;34m)\u001b[0m\u001b[0;34m\u001b[0m\u001b[0;34m\u001b[0m\u001b[0m\n\u001b[0m",
      "\u001b[0;32m/usr/local/miniconda3/lib/python3.7/site-packages/psi4/driver/p4util/util.py\u001b[0m in \u001b[0;36mcompare_values\u001b[0;34m(expected, computed, digits, label, exitonfail)\u001b[0m\n\u001b[1;32m    228\u001b[0m         \u001b[0mprint\u001b[0m\u001b[0;34m(\u001b[0m\u001b[0mmessage\u001b[0m\u001b[0;34m)\u001b[0m\u001b[0;34m\u001b[0m\u001b[0;34m\u001b[0m\u001b[0m\n\u001b[1;32m    229\u001b[0m         \u001b[0;32mif\u001b[0m \u001b[0mexitonfail\u001b[0m\u001b[0;34m:\u001b[0m\u001b[0;34m\u001b[0m\u001b[0;34m\u001b[0m\u001b[0m\n\u001b[0;32m--> 230\u001b[0;31m             \u001b[0;32mraise\u001b[0m \u001b[0mTestComparisonError\u001b[0m\u001b[0;34m(\u001b[0m\u001b[0mmessage\u001b[0m\u001b[0;34m)\u001b[0m\u001b[0;34m\u001b[0m\u001b[0;34m\u001b[0m\u001b[0m\n\u001b[0m\u001b[1;32m    231\u001b[0m     \u001b[0;32mif\u001b[0m \u001b[0mmath\u001b[0m\u001b[0;34m.\u001b[0m\u001b[0misnan\u001b[0m\u001b[0;34m(\u001b[0m\u001b[0mcomputed\u001b[0m\u001b[0;34m)\u001b[0m\u001b[0;34m:\u001b[0m\u001b[0;34m\u001b[0m\u001b[0;34m\u001b[0m\u001b[0m\n\u001b[1;32m    232\u001b[0m         \u001b[0mprint\u001b[0m\u001b[0;34m(\u001b[0m\u001b[0mmessage\u001b[0m\u001b[0;34m)\u001b[0m\u001b[0;34m\u001b[0m\u001b[0;34m\u001b[0m\u001b[0m\n",
      "\u001b[0;31mTestComparisonError\u001b[0m: \tSCF Energy: computed value (-75.9897958) does not match (-75.9897775) to 6 digits."
     ]
    }
   ],
   "source": [
    "SCF_E_psi = psi4.energy('SCF')\n",
    "psi4.compare_values(SCF_E_psi, E, 6, 'SCF Energy')"
   ]
  },
  {
   "cell_type": "code",
   "execution_count": 2,
   "id": "gorgeous-idaho",
   "metadata": {},
   "outputs": [],
   "source": [
    "h2o = psi4.geometry(\"\"\"\n",
    "O\n",
    "H 1 0.96\n",
    "H 1 0.96 2 104.5\n",
    "symmetry c1\n",
    "\"\"\")"
   ]
  },
  {
   "cell_type": "code",
   "execution_count": 3,
   "id": "parallel-stylus",
   "metadata": {},
   "outputs": [
    {
     "name": "stdout",
     "output_type": "stream",
     "text": [
      "A float and a Wavefunction object returned: -76.02663273455217 <psi4.core.UHF object at 0x7ffab430ab30>\n"
     ]
    }
   ],
   "source": [
    "h2o_wfn = psi4.core.Wavefunction.build(h2o, psi4.core.get_global_option('basis'))\n",
    "scf_e, scf_wfn = psi4.energy('scf', return_wfn=True)\n",
    "print(\"A float and a Wavefunction object returned:\", scf_e, scf_wfn)"
   ]
  },
  {
   "cell_type": "code",
   "execution_count": 13,
   "id": "scenic-marks",
   "metadata": {},
   "outputs": [
    {
     "name": "stderr",
     "output_type": "stream",
     "text": [
      "/usr/local/miniconda3/lib/python3.7/site-packages/ipykernel_launcher.py:183: FutureWarning: elementwise comparison failed; returning scalar instead, but in the future will perform elementwise comparison\n",
      "/usr/local/miniconda3/lib/python3.7/site-packages/ipykernel_launcher.py:46: FutureWarning: elementwise comparison failed; returning scalar instead, but in the future will perform elementwise comparison\n"
     ]
    },
    {
     "name": "stdout",
     "output_type": "stream",
     "text": [
      "iteration: 0, E_tot: -1.33707541, E_elek: -2.92460704, deltaE: -2.92460704, rmsD:  7.15010115\n",
      "iteration: 1, E_tot: -1.49709694, E_elek: -3.08462857, deltaE: -0.16002153, rmsD:  1.61411271\n",
      "iteration: 2, E_tot: -1.50449130, E_elek: -3.09202293, deltaE: -0.00739436, rmsD:  0.41565628\n",
      "iteration: 3, E_tot: -1.50497424, E_elek: -3.09250587, deltaE: -0.00048294, rmsD:  0.12038595\n",
      "iteration: 4, E_tot: -1.50502604, E_elek: -3.09255767, deltaE: -0.00005180, rmsD:  0.03850214\n",
      "iteration: 5, E_tot: -1.50503384, E_elek: -3.09256547, deltaE: -0.00000780, rmsD:  0.01328033\n",
      "iteration: 6, E_tot: -1.50503521, E_elek: -3.09256685, deltaE: -0.00000137, rmsD:  0.00487808\n",
      "iteration: 7, E_tot: -1.50503548, E_elek: -3.09256711, deltaE: -0.00000026, rmsD:  0.00200478\n",
      "iteration: 8, E_tot: -1.50503553, E_elek: -3.09256716, deltaE: -0.00000005, rmsD:  0.00093457\n",
      "iteration: 9, E_tot: -1.50503554, E_elek: -3.09256717, deltaE: -0.00000001, rmsD:  0.00046899\n",
      "iteration: 10, E_tot: -1.50503554, E_elek: -3.09256717, deltaE: -0.00000000, rmsD:  0.00024631\n",
      "iteration: 11, E_tot: -1.50503554, E_elek: -3.09256717, deltaE: -0.00000000, rmsD:  0.00012618\n",
      "iteration: 12, E_tot: -1.50503554, E_elek: -3.09256717, deltaE: -0.00000000, rmsD:  0.00007347\n"
     ]
    }
   ],
   "source": [
    "h3 = Molecule(\"\"\"\n",
    "H 0 0 0\n",
    "H 0 0.86602540378 0.5\n",
    "H 0 0 1\n",
    "\n",
    "units angstrom\n",
    "\"\"\")\n",
    "h3.setGuess()\n",
    "\n",
    "E = iterator(h3)"
   ]
  },
  {
   "cell_type": "code",
   "execution_count": 14,
   "id": "legal-wilderness",
   "metadata": {},
   "outputs": [
    {
     "name": "stdout",
     "output_type": "stream",
     "text": [
      "\tSCF Energy: computed value (-1.5050355) does not match (-1.5050449) to 6 digits.\n"
     ]
    },
    {
     "ename": "TestComparisonError",
     "evalue": "\tSCF Energy: computed value (-1.5050355) does not match (-1.5050449) to 6 digits.",
     "output_type": "error",
     "traceback": [
      "\u001b[0;31m---------------------------------------------------------------------------\u001b[0m",
      "\u001b[0;31mTestComparisonError\u001b[0m                       Traceback (most recent call last)",
      "\u001b[0;32m<ipython-input-14-72c69bed0b7e>\u001b[0m in \u001b[0;36m<module>\u001b[0;34m\u001b[0m\n\u001b[1;32m      1\u001b[0m \u001b[0mSCF_E_psi\u001b[0m \u001b[0;34m=\u001b[0m \u001b[0mpsi4\u001b[0m\u001b[0;34m.\u001b[0m\u001b[0menergy\u001b[0m\u001b[0;34m(\u001b[0m\u001b[0;34m'SCF'\u001b[0m\u001b[0;34m)\u001b[0m\u001b[0;34m\u001b[0m\u001b[0;34m\u001b[0m\u001b[0m\n\u001b[0;32m----> 2\u001b[0;31m \u001b[0mpsi4\u001b[0m\u001b[0;34m.\u001b[0m\u001b[0mcompare_values\u001b[0m\u001b[0;34m(\u001b[0m\u001b[0mSCF_E_psi\u001b[0m\u001b[0;34m,\u001b[0m \u001b[0mE\u001b[0m\u001b[0;34m,\u001b[0m \u001b[0;36m6\u001b[0m\u001b[0;34m,\u001b[0m \u001b[0;34m'SCF Energy'\u001b[0m\u001b[0;34m)\u001b[0m\u001b[0;34m\u001b[0m\u001b[0;34m\u001b[0m\u001b[0m\n\u001b[0m",
      "\u001b[0;32m/usr/local/miniconda3/lib/python3.7/site-packages/psi4/driver/p4util/util.py\u001b[0m in \u001b[0;36mcompare_values\u001b[0;34m(expected, computed, digits, label, exitonfail)\u001b[0m\n\u001b[1;32m    228\u001b[0m         \u001b[0mprint\u001b[0m\u001b[0;34m(\u001b[0m\u001b[0mmessage\u001b[0m\u001b[0;34m)\u001b[0m\u001b[0;34m\u001b[0m\u001b[0;34m\u001b[0m\u001b[0m\n\u001b[1;32m    229\u001b[0m         \u001b[0;32mif\u001b[0m \u001b[0mexitonfail\u001b[0m\u001b[0;34m:\u001b[0m\u001b[0;34m\u001b[0m\u001b[0;34m\u001b[0m\u001b[0m\n\u001b[0;32m--> 230\u001b[0;31m             \u001b[0;32mraise\u001b[0m \u001b[0mTestComparisonError\u001b[0m\u001b[0;34m(\u001b[0m\u001b[0mmessage\u001b[0m\u001b[0;34m)\u001b[0m\u001b[0;34m\u001b[0m\u001b[0;34m\u001b[0m\u001b[0m\n\u001b[0m\u001b[1;32m    231\u001b[0m     \u001b[0;32mif\u001b[0m \u001b[0mmath\u001b[0m\u001b[0;34m.\u001b[0m\u001b[0misnan\u001b[0m\u001b[0;34m(\u001b[0m\u001b[0mcomputed\u001b[0m\u001b[0;34m)\u001b[0m\u001b[0;34m:\u001b[0m\u001b[0;34m\u001b[0m\u001b[0;34m\u001b[0m\u001b[0m\n\u001b[1;32m    232\u001b[0m         \u001b[0mprint\u001b[0m\u001b[0;34m(\u001b[0m\u001b[0mmessage\u001b[0m\u001b[0;34m)\u001b[0m\u001b[0;34m\u001b[0m\u001b[0;34m\u001b[0m\u001b[0m\n",
      "\u001b[0;31mTestComparisonError\u001b[0m: \tSCF Energy: computed value (-1.5050355) does not match (-1.5050449) to 6 digits."
     ]
    }
   ],
   "source": [
    "SCF_E_psi = psi4.energy('SCF')\n",
    "psi4.compare_values(SCF_E_psi, E, 6, 'SCF Energy')"
   ]
  },
  {
   "cell_type": "code",
   "execution_count": 263,
   "id": "democratic-nicholas",
   "metadata": {},
   "outputs": [
    {
     "data": {
      "text/plain": [
       "array([[-8.98717187e-02, -3.84556152e-01, -3.21697178e-01,\n",
       "        -3.02589448e-17, -1.28427508e-06, -4.58582666e-01,\n",
       "        -4.06215528e-01,  5.08063621e-02, -1.31676342e-17,\n",
       "         1.52440481e-01, -4.58572334e-01, -4.06212409e-01,\n",
       "         5.08059616e-02, -3.88031890e-18, -1.52447157e-01],\n",
       "       [-3.84556152e-01, -2.84688170e-01, -3.01861219e-01,\n",
       "        -2.32713546e-17, -2.50525144e-06, -4.43361450e-01,\n",
       "        -3.42990390e-01,  1.03094035e-01, -1.32518871e-17,\n",
       "         1.96941506e-01, -4.43347115e-01, -3.42985425e-01,\n",
       "         1.03095630e-01, -1.21154888e-18, -1.96951656e-01],\n",
       "       [-3.21697178e-01, -3.01861219e-01,  1.25153637e+00,\n",
       "        -3.27430431e-18, -4.08619462e-06, -2.05763802e-01,\n",
       "        -2.64471557e-01, -3.97089660e-01,  6.47428012e-19,\n",
       "        -1.69983028e-01, -2.05754382e-01, -2.64468908e-01,\n",
       "        -3.97090523e-01, -9.77815612e-18,  1.69977931e-01],\n",
       "       [-3.02589448e-17, -2.32713546e-17, -3.27430431e-18,\n",
       "         1.49199392e+00,  2.05734017e-18, -1.62970658e-17,\n",
       "        -1.89209934e-17,  1.98142586e-17,  1.17008205e-01,\n",
       "         1.46797984e-17, -1.53634530e-17, -1.86955917e-17,\n",
       "        -1.60631372e-18,  1.17009630e-01, -1.20321086e-18],\n",
       "       [-1.28427508e-06, -2.50525144e-06, -4.08619462e-06,\n",
       "         2.05734017e-18,  1.42438749e+00,  1.51249736e-02,\n",
       "         3.63904368e-03, -3.49604761e-01,  5.37419004e-18,\n",
       "        -1.03073761e-01, -1.51349035e-02, -3.64602647e-03,\n",
       "         3.49606186e-01,  8.08530898e-18, -1.03075927e-01],\n",
       "       [-4.58582666e-01, -4.43361450e-01, -2.05763802e-01,\n",
       "        -1.62970658e-17,  1.51249736e-02, -2.37257568e-01,\n",
       "        -4.63571505e-01,  1.36960841e-01, -1.35724164e-17,\n",
       "         2.28458016e-01, -4.90355610e-01, -4.52295655e-01,\n",
       "         9.97036407e-02, -1.75244054e-18, -1.56748819e-01],\n",
       "       [-4.06215528e-01, -3.42990390e-01, -2.64471557e-01,\n",
       "        -1.89209934e-17,  3.63904368e-03, -4.63571505e-01,\n",
       "        -3.29992801e-01,  1.23671193e-01, -1.33635118e-17,\n",
       "         2.17470585e-01, -4.52284440e-01, -3.58628540e-01,\n",
       "         1.11988708e-01, -4.23903464e-19, -2.00775805e-01],\n",
       "       [ 5.08063621e-02,  1.03094035e-01, -3.97089660e-01,\n",
       "         1.98142586e-17, -3.49604761e-01,  1.36960841e-01,\n",
       "         1.23671193e-01,  1.34112961e+00,  6.42293411e-18,\n",
       "        -7.00303453e-02,  9.97015554e-02,  1.11985432e-01,\n",
       "         5.92638182e-02,  1.53153832e-19,  8.37017927e-02],\n",
       "       [-1.31676342e-17, -1.32518871e-17,  6.47428012e-19,\n",
       "         1.17008205e-01,  5.37419004e-18, -1.35724164e-17,\n",
       "        -1.33635118e-17,  6.42293411e-18,  1.42085518e+00,\n",
       "         8.80489209e-18, -1.12905050e-17, -1.26947158e-17,\n",
       "         5.26522919e-18,  1.13147645e-01,  1.72810335e-17],\n",
       "       [ 1.52440481e-01,  1.96941506e-01, -1.69983028e-01,\n",
       "         1.46797984e-17, -1.03073761e-01,  2.28458016e-01,\n",
       "         2.17470585e-01, -7.00303453e-02,  8.80489209e-18,\n",
       "         1.23122425e+00,  1.56732710e-01,  2.00763571e-01,\n",
       "        -8.37024708e-02,  2.36401762e-17, -5.54902313e-01],\n",
       "       [-4.58572334e-01, -4.43347115e-01, -2.05754382e-01,\n",
       "        -1.53634530e-17, -1.51349035e-02, -4.90355610e-01,\n",
       "        -4.52284440e-01,  9.97015554e-02, -1.12905050e-17,\n",
       "         1.56732710e-01, -2.37213148e-01, -4.63547340e-01,\n",
       "         1.36966643e-01,  4.68817643e-19, -2.28470606e-01],\n",
       "       [-4.06212409e-01, -3.42985425e-01, -2.64468908e-01,\n",
       "        -1.86955917e-17, -3.64602647e-03, -4.52295655e-01,\n",
       "        -3.58628540e-01,  1.11985432e-01, -1.26947158e-17,\n",
       "         2.00763571e-01, -4.63547340e-01, -3.29979333e-01,\n",
       "         1.23675837e-01, -3.68549792e-20, -2.17483624e-01],\n",
       "       [ 5.08059616e-02,  1.03095630e-01, -3.97090523e-01,\n",
       "        -1.60631372e-18,  3.49606186e-01,  9.97036407e-02,\n",
       "         1.11988708e-01,  5.92638182e-02,  5.26522919e-18,\n",
       "        -8.37024708e-02,  1.36966643e-01,  1.23675837e-01,\n",
       "         1.34114642e+00,  2.17242353e-18,  7.00288729e-02],\n",
       "       [-3.88031890e-18, -1.21154888e-18, -9.77815612e-18,\n",
       "         1.17009630e-01,  8.08530898e-18, -1.75244054e-18,\n",
       "        -4.23903464e-19,  1.53153832e-19,  1.13147645e-01,\n",
       "         2.36401762e-17,  4.68817643e-19, -3.68549792e-20,\n",
       "         2.17242353e-18,  1.42087359e+00,  2.73090837e-18],\n",
       "       [-1.52447157e-01, -1.96951656e-01,  1.69977931e-01,\n",
       "        -1.20321086e-18, -1.03075927e-01, -1.56748819e-01,\n",
       "        -2.00775805e-01,  8.37017927e-02,  1.72810335e-17,\n",
       "        -5.54902313e-01, -2.28470606e-01, -2.17483624e-01,\n",
       "         7.00288729e-02,  2.73090837e-18,  1.23123324e+00]])"
      ]
     },
     "execution_count": 263,
     "metadata": {},
     "output_type": "execute_result"
    }
   ],
   "source": [
    "h3.guessMatrix_b"
   ]
  },
  {
   "cell_type": "code",
   "execution_count": 262,
   "id": "balanced-assessment",
   "metadata": {},
   "outputs": [
    {
     "data": {
      "text/plain": [
       "array([[-4.12120786e-01, -5.81028041e-01, -1.57274254e-01,\n",
       "         2.13846755e-17, -1.03195236e-05, -4.46015981e-01,\n",
       "        -4.66419615e-01,  1.64038554e-01, -4.41073953e-20,\n",
       "         1.65149734e-01, -4.46004266e-01, -4.66412512e-01,\n",
       "         1.64031975e-01,  1.03930745e-17, -1.65158619e-01],\n",
       "       [-5.81028041e-01, -4.31238335e-01, -1.82870081e-01,\n",
       "         1.67203365e-17, -6.18456663e-06, -4.50179912e-01,\n",
       "        -4.04973968e-01,  1.48116411e-01, -4.67338943e-19,\n",
       "         2.07367244e-01, -4.50179458e-01, -4.04971675e-01,\n",
       "         1.48109937e-01,  1.22033134e-17, -2.07368146e-01],\n",
       "       [-1.57274254e-01, -1.82870081e-01,  1.15371846e+00,\n",
       "         4.30235405e-18,  6.08810076e-06, -2.01815149e-01,\n",
       "        -2.26817054e-01, -4.63555060e-01,  1.08981623e-17,\n",
       "        -1.79745111e-01, -2.01829962e-01, -2.26824013e-01,\n",
       "        -4.63554224e-01, -6.27747064e-19,  1.79755864e-01],\n",
       "       [ 2.13846755e-17,  1.67203365e-17,  4.30235405e-18,\n",
       "         1.42352123e+00,  1.81708552e-18,  1.15602464e-17,\n",
       "         1.34488504e-17,  2.98955527e-18,  1.14639690e-01,\n",
       "         1.59812071e-19,  1.24512211e-17,  1.34851211e-17,\n",
       "        -1.77928423e-17,  1.14640754e-01,  1.30479827e-17],\n",
       "       [-1.03195236e-05, -6.18456663e-06,  6.08810076e-06,\n",
       "         1.81708552e-18,  1.36229624e+00,  1.45269646e-02,\n",
       "         4.96402824e-04, -3.38398613e-01,  7.37401248e-18,\n",
       "        -1.00875615e-01, -1.45188730e-02, -4.94722247e-04,\n",
       "         3.38412700e-01,  5.79534438e-18, -1.00872646e-01],\n",
       "       [-4.46015981e-01, -4.50179912e-01, -2.01815149e-01,\n",
       "         1.15602464e-17,  1.45269646e-02, -2.85030741e-01,\n",
       "        -5.10093459e-01,  6.38157715e-02,  2.48070179e-18,\n",
       "         2.32898788e-01, -5.22687909e-01, -4.92576829e-01,\n",
       "         4.61424542e-02,  1.22454852e-17, -1.72141394e-01],\n",
       "       [-4.66419615e-01, -4.04973968e-01, -2.26817054e-01,\n",
       "         1.34488504e-17,  4.96402824e-04, -5.10093459e-01,\n",
       "        -4.00851917e-01,  8.41701877e-02,  1.01492317e-18,\n",
       "         2.28244952e-01, -4.92583615e-01, -4.25578458e-01,\n",
       "         7.85504186e-02,  1.35178847e-17, -2.16408073e-01],\n",
       "       [ 1.64038554e-01,  1.48116411e-01, -4.63555060e-01,\n",
       "         2.98955527e-18, -3.38398613e-01,  6.38157715e-02,\n",
       "         8.41701877e-02,  1.23667167e+00,  1.89445801e-18,\n",
       "        -6.15401855e-02,  4.61317384e-02,  7.85485446e-02,\n",
       "        -2.21366452e-02, -2.19232235e-18,  6.11784347e-02],\n",
       "       [-4.41073953e-20, -4.67338943e-19,  1.08981623e-17,\n",
       "         1.14639690e-01,  7.37401248e-18,  2.48070179e-18,\n",
       "         1.01492317e-18,  1.89445801e-18,  1.40798184e+00,\n",
       "         2.44674729e-18,  2.26102758e-18,  7.59527206e-19,\n",
       "         1.96605781e-18,  1.07221759e-01,  2.47322779e-17],\n",
       "       [ 1.65149734e-01,  2.07367244e-01, -1.79745111e-01,\n",
       "         1.59812071e-19, -1.00875615e-01,  2.32898788e-01,\n",
       "         2.28244952e-01, -6.15401855e-02,  2.44674729e-18,\n",
       "         1.21453243e+00,  1.72159783e-01,  2.16420202e-01,\n",
       "        -6.11675552e-02,  1.57688421e-17, -5.48480660e-01],\n",
       "       [-4.46004266e-01, -4.50179458e-01, -2.01829962e-01,\n",
       "         1.24512211e-17, -1.45188730e-02, -5.22687909e-01,\n",
       "        -4.92583615e-01,  4.61317384e-02,  2.26102758e-18,\n",
       "         1.72159783e-01, -2.85070630e-01, -5.10116479e-01,\n",
       "         6.37978834e-02,  1.58526678e-17, -2.32889326e-01],\n",
       "       [-4.66412512e-01, -4.04971675e-01, -2.26824013e-01,\n",
       "         1.34851211e-17, -4.94722247e-04, -4.92576829e-01,\n",
       "        -4.25578458e-01,  7.85485446e-02,  7.59527206e-19,\n",
       "         2.16420202e-01, -5.10116479e-01, -4.00862794e-01,\n",
       "         8.41575941e-02,  1.43953433e-17, -2.28235853e-01],\n",
       "       [ 1.64031975e-01,  1.48109937e-01, -4.63554224e-01,\n",
       "        -1.77928423e-17,  3.38412700e-01,  4.61424542e-02,\n",
       "         7.85504186e-02, -2.21366452e-02,  1.96605781e-18,\n",
       "        -6.11675552e-02,  6.37978834e-02,  8.41575941e-02,\n",
       "         1.23667660e+00, -2.48199481e-18,  6.15502820e-02],\n",
       "       [ 1.03930745e-17,  1.22033134e-17, -6.27747064e-19,\n",
       "         1.14640754e-01,  5.79534438e-18,  1.22454852e-17,\n",
       "         1.35178847e-17, -2.19232235e-18,  1.07221759e-01,\n",
       "         1.57688421e-17,  1.58526678e-17,  1.43953433e-17,\n",
       "        -2.48199481e-18,  1.40798307e+00,  9.26634755e-18],\n",
       "       [-1.65158619e-01, -2.07368146e-01,  1.79755864e-01,\n",
       "         1.30479827e-17, -1.00872646e-01, -1.72141394e-01,\n",
       "        -2.16408073e-01,  6.11784347e-02,  2.47322779e-17,\n",
       "        -5.48480660e-01, -2.32889326e-01, -2.28235853e-01,\n",
       "         6.15502820e-02,  9.26634755e-18,  1.21454042e+00]])"
      ]
     },
     "execution_count": 262,
     "metadata": {},
     "output_type": "execute_result"
    }
   ],
   "source": [
    "h3.guessMatrix_a"
   ]
  },
  {
   "cell_type": "code",
   "execution_count": 267,
   "id": "civil-indianapolis",
   "metadata": {},
   "outputs": [],
   "source": [
    "psi4.set_options({'basis': 'STO-3G'})\n",
    "water = Molecule(\"\"\"\n",
    "O   0.000000000000  -0.143225816552   0.000000000000\n",
    "H   1.638036840407   1.136548822547  -0.000000000000\n",
    "H  -1.638036840407   1.136548822547  -0.000000000000\n",
    "\n",
    "units bohr\n",
    "\"\"\")"
   ]
  },
  {
   "cell_type": "code",
   "execution_count": 268,
   "id": "authorized-berkeley",
   "metadata": {},
   "outputs": [],
   "source": [
    "water.setGuess()"
   ]
  },
  {
   "cell_type": "code",
   "execution_count": 269,
   "id": "alpine-hudson",
   "metadata": {},
   "outputs": [
    {
     "name": "stderr",
     "output_type": "stream",
     "text": [
      "/usr/local/miniconda3/lib/python3.7/site-packages/ipykernel_launcher.py:183: FutureWarning: elementwise comparison failed; returning scalar instead, but in the future will perform elementwise comparison\n",
      "/usr/local/miniconda3/lib/python3.7/site-packages/ipykernel_launcher.py:46: FutureWarning: elementwise comparison failed; returning scalar instead, but in the future will perform elementwise comparison\n"
     ]
    },
    {
     "name": "stdout",
     "output_type": "stream",
     "text": [
      "iteration: 0, E_tot: -70.61824761, E_elek: -78.62061467, deltaE: -78.62061467, rmsD:  1.65108561\n",
      "iteration: 1, E_tot: -71.65160063, E_elek: -79.65396769, deltaE: -1.03335302, rmsD:  0.23078700\n",
      "iteration: 2, E_tot: -71.73512887, E_elek: -79.73749593, deltaE: -0.08352824, rmsD:  3.94776960\n",
      "iteration: 3, E_tot: -73.38633897, E_elek: -81.38870603, deltaE: -1.65121010, rmsD:  4.39216599\n",
      "iteration: 4, E_tot: -72.02014844, E_elek: -80.02251551, deltaE:  1.36619052, rmsD:  0.52819118\n",
      "iteration: 5, E_tot: -71.77435518, E_elek: -79.77672224, deltaE:  0.24579327, rmsD:  0.06883648\n",
      "iteration: 6, E_tot: -71.74905471, E_elek: -79.75142178, deltaE:  0.02530046, rmsD:  0.03731487\n",
      "iteration: 7, E_tot: -71.74162989, E_elek: -79.74399695, deltaE:  0.00742483, rmsD:  0.00864880\n",
      "iteration: 8, E_tot: -71.74099461, E_elek: -79.74336167, deltaE:  0.00063528, rmsD:  0.00353886\n",
      "iteration: 9, E_tot: -71.74073916, E_elek: -79.74310622, deltaE:  0.00025545, rmsD:  0.00100850\n",
      "iteration: 10, E_tot: -73.26551244, E_elek: -81.26787950, deltaE: -1.52477328, rmsD:  1.29624249\n",
      "iteration: 11, E_tot: -72.18211701, E_elek: -80.18448407, deltaE:  1.08339543, rmsD:  3.79883194\n",
      "iteration: 12, E_tot: -73.35946840, E_elek: -81.36183547, deltaE: -1.17735140, rmsD:  4.14188458\n",
      "iteration: 13, E_tot: -72.02306058, E_elek: -80.02542764, deltaE:  1.33640782, rmsD:  0.49010052\n",
      "iteration: 14, E_tot: -71.77506855, E_elek: -79.77743561, deltaE:  0.24799204, rmsD:  3.99080597\n",
      "iteration: 15, E_tot: -73.40577153, E_elek: -81.40813859, deltaE: -1.63070298, rmsD:  4.38304713\n",
      "iteration: 16, E_tot: -73.38977129, E_elek: -81.39213835, deltaE:  0.01600024, rmsD:  0.87644084\n",
      "iteration: 17, E_tot: -72.21587117, E_elek: -80.21823823, deltaE:  1.17390012, rmsD:  3.85174129\n",
      "iteration: 18, E_tot: -73.35960758, E_elek: -81.36197464, deltaE: -1.14373641, rmsD:  4.12575696\n",
      "iteration: 19, E_tot: -72.02500567, E_elek: -80.02737274, deltaE:  1.33460190, rmsD:  0.49374057\n",
      "iteration: 20, E_tot: -71.77530715, E_elek: -79.77767421, deltaE:  0.24969852, rmsD:  0.05556246\n",
      "iteration: 21, E_tot: -71.74969432, E_elek: -79.75206139, deltaE:  0.02561283, rmsD:  0.03464163\n",
      "iteration: 22, E_tot: -73.26916738, E_elek: -81.27153444, deltaE: -1.51947306, rmsD:  1.30171869\n",
      "iteration: 23, E_tot: -72.18271353, E_elek: -80.18508059, deltaE:  1.08645385, rmsD:  1.36882374\n",
      "iteration: 24, E_tot: -71.82568702, E_elek: -79.82805408, deltaE:  0.35702651, rmsD:  0.31920919\n",
      "iteration: 25, E_tot: -71.75273603, E_elek: -79.75510309, deltaE:  0.07295100, rmsD:  0.08983006\n",
      "iteration: 26, E_tot: -71.74419467, E_elek: -79.74656173, deltaE:  0.00854136, rmsD:  3.95088538\n",
      "iteration: 27, E_tot: -73.39474263, E_elek: -81.39710969, deltaE: -1.65054796, rmsD:  4.39252460\n",
      "iteration: 28, E_tot: -72.01946622, E_elek: -80.02183328, deltaE:  1.37527642, rmsD:  4.32834104\n",
      "iteration: 29, E_tot: -73.41853752, E_elek: -81.42090458, deltaE: -1.39907131, rmsD:  4.34852500\n",
      "iteration: 30, E_tot: -72.03129182, E_elek: -80.03365888, deltaE:  1.38724571, rmsD:  0.55265146\n",
      "iteration: 31, E_tot: -73.33169734, E_elek: -81.33406440, deltaE: -1.30040552, rmsD:  4.09189339\n",
